534.8
503.9
503.9
503.9
503.9
503.9
503.9
503.9
503.9
503.9
503.9
503.9
503.9
503.9
503.9
503.9
503.9
503.9
503.9
503.9
503.9
503.9
503.9
503.9
503.9
503.9
503.9
503.9
503.9
503.9
503.9
503.9
503.9
503.9
503.9
503.9
498.1
498.1
498.1
498.1
498.1
498.1
488.5
488.5
488.5
488.5
488.5
488.5
488.5
488.5
488.5
488.5
488.5
488.5
488.5
488.5
488.5
488.5
488.5
488.5
488.5
488.5
488.5
488.5
488.5
488.5
488.5
488.5
488.5
488.5
488.5
488.5
488.5
488.5
488.5
488.5
488.5
488.5
488.5
488.5
488.5
488.5
488.5
488.5
488.5
488.5
488.5
488.5
488.5
488.5
488.5
488.5
488.5
488.5
488.5
488.5
488.5
488.5
474.7
474.7
474.7
474.7
474.7
474.7
474.7
474.7
474.7
474.7
474.7
474.7
474.7
474.7
474.7
474.7
474.7
474.7
474.7
474.7
474.7
474.7
474.7
474.7
474.7
474.7
474.7
474.7
474.7
474.7
474.7
474.7
474.7
474.7
474.7
474.7
474.7
474.7
474.7
474.7
474.7
474.7
474.7
474.7
474.7
474.7
474.7
474.7
474.7
474.7
474.7
474.7
