274
589
960
772
821
432
900
720
770
609
499
435
164
192
591
557
125
25
741
569
52
625
840
566
461
817
449
655
534
221
988
864
314
298
924
675
423
98
505
271
634
44
996
504
882
599
870
15
842
350
686
253
587
822
973
802
234
440
307
492
943
975
869
73
303
588
963
944
337
753
751
878
18
796
787
200
553
330
850
957
191
379
887
349
235
743
362
970
941
904
673
662
961
80
785
601
183
533
195
288
62
261
67
28
418
678
437
979
608
224
2
340
48
861
393
920
327
396
173
83
874
519
497
225
623
914
636
422
477
159
661
808
454
806
540
615
917
231
606
762
694
16
781
997
549
583
726
665
558
629
913
682
578
76
177
696
87
447
617
450
457
708
746
160
269
641
171
249
570
151
120
364
855
639
181
157
233
163
478
416
663
544
515
213
469
638
938
595
707
541
748
830
671
948
828
479
193
867
930
593
844
820
691
539
728
131
998
621
189
134
811
965
9
10
99
698
247
276
299
896
243
491
38
310
56
542
328
496
395
161
66
203
493
353
548
331
74
530
165
872
563
429
798
937
905
246
31
644
452
391
324
758
54
100
383
759
921
227
316
500
413
706
268
392
133
107
695
132
20
357
576
256
470
884
799
823
520
749
123
23
33
725
648
91
320
434
768
756
550
354
890
287
407
899
985
34
992
703
404
561
669
836
81
339
610
118
55
78
712
403
439
613
194
155
186
111
993
356
367
318
295
210
473
384
546
488
571
926
522
145
716
405
420
481
424
92
657
94
296
119
791
451
847
37
329
679
128
877
286
966
752
668
273
573
279
248
934
70
987
958
854
642
915
831
487
272
947
865
258
280
406
744
351
652
323
597
373
727
704
40
895
611
46
742
202
122
75
786
737
147
148
838
361
385
616
156
377
325
103
813
897
90
321
254
677
819
341
681
886
463
551
579
436
774
908
919
603
767
795
441
275
84
32
485
789
624
529
237
994
49
916
983
143
207
891
596
244
816
486
259
305
517
863
262
946
859
839
543
399
778
363
113
556
701
466
871
114
584
635
158
370
699
141
135
640
187
150
381
178
885
240
755
61
765
43
226
11
649
689
109
60
13
154
660
763
713
278
841
263
212
676
536
17
805
267
800
976
574
693
211
291
444
184
82
803
352
456
172
45
472
721
471
462
764
537
22
731
590
953
206
293
166
282
137
935
630
559
19
197
196
514
925
270
397
945
783
0
526
580
818
333
507
881
880
47
525
283
144
845
834
64
35
991
14
723
97
480
705
309
645
581
96
532
858
674
955
336
474
427
777
538
909
981
936
121
868
602
347
468
438
853
509
659
724
980
907
628
218
332
730
513
984
702
110
516
138
348
898
29
232
369
807
277
995
88
425
911
252
368
773
24
251
366
380
410
372
512
711
289
431
169
717
115
700
220
300
860
812
797
284
697
199
956
89
912
260
506
129
852
360
745
555
592
810
646
238
311
690
594
390
241
51
851
729
85
365
79
294
95
949
775
929
714
319
342
722
931
445
412
417
862
63
631
167
928
371
483
236
989
794
568
612
301
162
950
782
355
667
672
856
222
322
409
939
313
825
620
650
986
952
5
833
815
585
389
564
230
969
216
498
484
873
209
968
168
112
879
312
511
302
382
467
902
680
152
535
999
108
719
552
374
326
857
21
710
959
545
829
901
130
501
68
402
411
455
127
208
446
433
428
387
419
750
250
465
918
116
837
245
793
188
664
257
554
658
647
780
848
527
255
219
179
65
104
977
86
633
586
442
826
801
176
494
443
30
889
489
685
401
523
888
683
933
894
198
346
358
740
378
626
239
598
69
39
835
875
582
242
637
849
790
619
824
93
736
149
476
804
430
978
185
951
4
784
575
809
334
50
524
528
335
27
285
59
565
709
170
940
692
140
927
654
180
971
614
297
531
651
747
761
201
458
883
415
954
932
102
266
653
876
142
229
182
832
386
388
827
317
990
738
414
643
136
482
117
788
502
503
866
57
453
572
510
315
7
846
567
71
105
684
508
223
214
58
308
733
967
215
670
974
290
153
345
560
518
376
893
359
792
338
475
3
408
910
490
12
8
101
769
398
292
618
666
632
190
175
843
400
281
814
304
204
760
962
771
344
757
577
605
421
982
732
903
343
779
217
124
139
735
228
718
41
942
923
734
892
448
687
922
265
656
906
547
126
622
459
306
77
600
776
607
42
106
36
972
521
53
688
426
766
72
562
715
627
964
174
604
146
394
6
460
205
264
1
464
495
375
754
26
739
274
